474747
2
a
b
5
5
3
3
10231
3
1
print
0

 1              17            1 1           7 0            7 0 
 2               0            1 0            1 1           7 0 
 3               0            1 2            1 0           7 0 
 4              17            1 3           7 0            7 0 
 5              19            1 0           5 0             1 3
 6              18            1 4            1 0           5 0 
 7              18            1 5            1 0           5 0 
 8              19            1 5           5 1            4 0 
 9              18            1 6            1 5           5 1 
10              19            1 0           5 1            4 1 
11              18            1 7            1 0           5 1 
12              19            1 0           4 2            4 3 
13              18            1 8            1 0           4 4 
14              14            1 0           7 0            7 0 
15              13            9 0           7 0            7 0 
16               0            1 9          10 0            7 0 

