474747
2
hello
world
2
10
3.1415
2
cos
print
1
f 6 1

23
 1               0            1 0           4 0            7 0 
 2               0            1 1            1 0           7 0 
 3               0            1 2           5 0            7 0 
 4               0            1 3            1 2           7 0 
 5               7           0 11           7 0            7 0 
 6              15           8 0            7 0            7 0 
 7               1            3 0            2 0            2 1
 8               0          10 0             3 0           7 0 
 9               7           0 10           7 0            7 0 
10              16           8 0            7 0            7 0 
11               0            1 4           5 1            7 0 
12               0            1 5            1 4           7 0 
13              14           4 1            7 0            7 0 
14              13            9 0           7 0            7 0 
15               0            1 7          10 0            7 0 
16               0            1 6            1 7           7 0 
17               0            1 8            1 6           7 0 
18              14            1 0           7 0            7 0 
19              14            1 2           7 0            7 0 
20              14            1 4           7 0            7 0 
21              14            1 6           7 0            7 0 
22              13            9 1           7 0            7 0 
23               0            1 9          10 0            7 0 

